100
100
10
1 1 10 0
2 4 2 1
3 20 6 1
4 16 2 0
5 30 10 0
6 15 5 0
7 23 5 0
8 13 3 1
9 4 7 0
10 1 7 1
11 23 10 0
12 18 2 1
13 22 7 1
14 20 1 1
15 23 4 0
16 9 4 0
17 11 2 0
18 25 1 1
19 27 7 1
20 27 1 0
21 23 2 1
22 22 7 1
23 15 6 1
24 27 6 1
25 24 4 1
26 3 4 1
27 13 10 0
28 18 4 1
29 15 6 0
30 7 2 0
31 17 4 0
32 12 4 1
33 29 10 0
34 9 5 1
35 23 5 0
36 20 1 1
37 19 4 0
38 18 8 1
39 3 3 0
40 9 6 1
41 4 1 0
42 30 7 1
43 3 3 1
44 9 2 0
45 23 4 0
46 2 1 1
47 16 2 0
48 3 10 1
49 11 4 0
50 10 6 0
51 26 8 1
52 11 3 0
53 1 6 1
54 27 10 0
55 17 4 0
56 15 8 1
57 6 10 0
58 26 7 0
59 24 6 0
60 23 1 0
61 2 1 1
62 15 4 1
63 4 10 0
64 3 9 0
65 1 1 1
66 10 3 0
67 15 5 0
68 21 9 0
69 2 7 0
70 4 6 0
71 16 2 1
72 21 4 0
73 16 9 0
74 8 5 0
75 30 8 1
76 10 7 0
77 30 9 1
78 5 8 1
79 11 7 0
80 16 5 0
81 1 7 1
82 3 4 0
83 3 1 0
84 30 4 1
85 9 9 0
86 9 8 1
87 18 4 1
88 14 7 0
89 2 3 1
90 2 10 1
91 23 6 0
92 23 5 1
93 9 3 0
94 13 10 1
95 22 6 0
96 9 9 1
97 17 10 1
98 28 3 1
99 21 2 0
100 19 7 1
